 """CONTROLAR CNTRA LOS PAPELES
        In [25]: a=write_elements_by_vertices_prisms("exper1",2,"Octave",0)
        
        In [26]: a
        Out[26]: 
        array([[ 1,  2,  4,  7,  8, 10],
               [ 2,  4,  5,  8, 10, 11],
               [ 2,  3,  5,  8,  9, 11],
               [ 4,  5,  6, 10, 11, 12],
               [ 7,  8, 10, 13, 14, 16],
               [ 8, 10, 11, 14, 16, 17],
               [ 8,  9, 11, 14, 15, 17],
               [10, 11, 12, 16, 17, 18]])

        In [27]: a=write_elements_by_vertices_prisms("exper1",3,"Octave",0)
        
        In [28]: a
        Out[28]: 
        array([[ 1,  2,  5, 11, 12, 15],
               [ 2,  5,  6, 12, 15, 16],
               [ 2,  3,  6, 12, 13, 16],
               [ 3,  6,  7, 13, 16, 17],
               [ 3,  4,  7, 13, 14, 17],
               [ 5,  6,  8, 15, 16, 18],
               [ 6,  8,  9, 16, 18, 19],
               [ 6,  7,  9, 16, 17, 19],
               [ 8,  9, 10, 18, 19, 20],
               [11, 12, 15, 21, 22, 25],
               [12, 15, 16, 22, 25, 26],
               [12, 13, 16, 22, 23, 26],
               [13, 16, 17, 23, 26, 27],
               [13, 14, 17, 23, 24, 27],
               [15, 16, 18, 25, 26, 28],
               [16, 18, 19, 26, 28, 29],
               [16, 17, 19, 26, 27, 29],
               [18, 19, 20, 28, 29, 30],
               [21, 22, 25, 31, 32, 35],
               [22, 25, 26, 32, 35, 36],
               [22, 23, 26, 32, 33, 36],
               [23, 26, 27, 33, 36, 37],
               [23, 24, 27, 33, 34, 37],
               [25, 26, 28, 35, 36, 38],
               [26, 28, 29, 36, 38, 39],
               [26, 27, 29, 36, 37, 39],
               [28, 29, 30, 38, 39, 40]])
        """