 """CONTROLAR CONTRA LA SALIDA DE LA CONSOLA
 
        In [25]: a=write_elements_by_vertices_prisms("exper1",2,"Octave",0)
        
        In [26]: a
        Out[26]: 
array([[ 6,  1,  2,  4,  7,  8, 10],
       [ 6,  2,  4,  5,  8, 10, 11],
       [ 6,  2,  3,  5,  8,  9, 11],
       [ 6,  4,  5,  6, 10, 11, 12],
       [ 6,  7,  8, 10, 13, 14, 16],
       [ 6,  8, 10, 11, 14, 16, 17],
       [ 6,  8,  9, 11, 14, 15, 17],
       [ 6, 10, 11, 12, 16, 17, 18]])

     In [27]: a=write_elements_by_vertices_prisms("exper1",3,"Octave",0)
                
        In [28]: a
        Out[28]: 
array([[ 6,  1,  2,  5, 11, 12, 15],
       [ 6,  2,  5,  6, 12, 15, 16],
       [ 6,  2,  3,  6, 12, 13, 16],
       [ 6,  3,  6,  7, 13, 16, 17],
       [ 6,  3,  4,  7, 13, 14, 17],
       [ 6,  5,  6,  8, 15, 16, 18],
       [ 6,  6,  8,  9, 16, 18, 19],
       [ 6,  6,  7,  9, 16, 17, 19],
       [ 6,  8,  9, 10, 18, 19, 20],
       [ 6, 11, 12, 15, 21, 22, 25],
       [ 6, 12, 15, 16, 22, 25, 26],
       [ 6, 12, 13, 16, 22, 23, 26],
       [ 6, 13, 16, 17, 23, 26, 27],
       [ 6, 13, 14, 17, 23, 24, 27],
       [ 6, 15, 16, 18, 25, 26, 28],
       [ 6, 16, 18, 19, 26, 28, 29],
       [ 6, 16, 17, 19, 26, 27, 29],
       [ 6, 18, 19, 20, 28, 29, 30],
       [ 6, 21, 22, 25, 31, 32, 35],
       [ 6, 22, 25, 26, 32, 35, 36],
       [ 6, 22, 23, 26, 32, 33, 36],
       [ 6, 23, 26, 27, 33, 36, 37],
       [ 6, 23, 24, 27, 33, 34, 37],
       [ 6, 25, 26, 28, 35, 36, 38],
       [ 6, 26, 28, 29, 36, 38, 39],
       [ 6, 26, 27, 29, 36, 37, 39],
       [ 6, 28, 29, 30, 38, 39, 40]])

"""
