oct 2
0,-1, 1, 1,-1, 0, 1,-1, 1, 0, 0, 1, 1,1
0,-1, 0, 0,-1, 1, 0,-1, 0, 1, 0, 0, 0,0.65
0, 0, 1, 0,-1, 1, 0, 0, 1, 1, 0, 0, 0,0.65
0, 0, 0, 1, 0, 1, 1,-1, 0, 1, 0, 0, 0,0.65
1, 0, 0, 0,-1, 0, 1,-1, 1, 0, 0, 1, 1,0.65
oct 3
0,-1,-1, 1,-1, 0, 1,-1,-1, 0, 0,-1, 1,1
0,-1, 0, 0,-1,-1, 0,-1, 0, 1, 0, 0, 0,0.65
0, 0,-1, 0,-1,-1, 0, 0,-1, 1, 0, 0, 0,0.65
0, 0, 0, 1, 0,-1, 1,-1, 0, 1, 0, 0, 0,0.65
1, 0, 0, 0,-1, 0, 1,-1,-1, 0, 0,-1, 1,0.65

0, 1,-1, 1, 1, 0, 1, 1,-1, 0, 0,-1, 1,1
0, 1, 0, 0, 1,-1, 0, 1, 0, 1, 0, 0, 0,0.65
0, 0,-1, 0, 1,-1, 0, 0,-1, 1, 0, 0, 0,0.65
0, 0, 0, 1, 0,-1, 1, 1, 0, 1, 0, 0, 0,0.65
1, 0, 0, 0, 1, 0, 1, 1,-1, 0, 0,-1, 1,0.65

0, 1, 1,-1, 1, 0,-1, 1, 1, 0, 0, 1,-1,1
0, 1, 0, 0, 1, 1, 0, 1, 0,-1, 0, 0, 0,0.65
0, 0, 1, 0, 1, 1, 0, 0, 1,-1, 0, 0, 0,0.65
0, 0, 0,-1, 0, 1,-1, 1, 0,-1, 0, 0, 0,0.65
1, 0, 0, 0, 1, 0,-1, 1, 1, 0, 0, 1,-1,0.65

0,-1, 1,-1,-1, 0,-1,-1, 1, 0, 0, 1,-1,1
0,-1, 0, 0,-1, 1, 0,-1, 0,-1, 0, 0, 0,0.65
0, 0, 1, 0,-1, 1, 0, 0, 1,-1, 0, 0, 0,0.65
0, 0, 0,-1, 0, 1,-1,-1, 0,-1, 0, 0, 0,0.65
1, 0, 0, 0,-1, 0,-1,-1, 1, 0, 0, 1,-1,0.65

0,-1,-1,-1,-1, 0,-1,-1,-1, 0, 0,-1,-1,1
0,-1, 0, 0,-1,-1, 0,-1, 0,-1, 0, 0, 0,0.65
0, 0,-1, 0,-1,-1, 0, 0,-1,-1, 0, 0, 0,0.65
0, 0, 0,-1, 0,-1,-1,-1, 0,-1, 0, 0, 0,0.65
1, 0, 0, 0,-1, 0,-1,-1,-1, 0, 0,-1,-1,0.65

0, 1,-1,-1, 1, 0,-1, 1,-1, 0, 0,-1,-1,1
0, 1, 0, 0, 1,-1, 0, 1, 0,-1, 0, 0, 0,0.65
0, 0,-1, 0, 1,-1, 0, 0,-1,-1, 0, 0, 0,0.65
0, 0, 0,-1, 0,-1,-1, 1, 0,-1, 0, 0, 0,0.65
1, 0, 0, 0, 1, 0,-1, 1,-1, 0, 0,-1,-1,0.65